Average:
  UseTimeMS: 337443
  MouseClickCnt: 108
  MouseMoveCnt: 214
  MouseWheelCnt: 12
  KeyClickCnt: 116
  ShortcutCnt: 0
  MouseMoveDis: 31469.895951949133
  KeyClickSpeed: 0.0035805303343702907
  EventRuleData: ""
  BehaviorRuleData: ""
BasicBehaviors:
- UseTimeMS: 55300
  MouseClickCnt: 19
  MouseMoveCnt: 29
  MouseWheelCnt: 8
  KeyClickCnt: 103
  ShortcutCnt: 0
  MouseMoveDis: 8632.23639181817
  KeyClickSpeed: 0.0042618479372655985
  EventRuleData: (2,1680680627186)
  BehaviorRuleData: (2,1680680627186)
- UseTimeMS: 145073
  MouseClickCnt: 15
  MouseMoveCnt: 29
  MouseWheelCnt: 17
  KeyClickCnt: 232
  ShortcutCnt: 0
  MouseMoveDis: 7435.541002562249
  KeyClickSpeed: 0.002579840563407835
  EventRuleData: (2,1680680967217)
  BehaviorRuleData: (2,1680680967217)
- UseTimeMS: 811957
  MouseClickCnt: 292
  MouseMoveCnt: 585
  MouseWheelCnt: 11
  KeyClickCnt: 15
  ShortcutCnt: 0
  MouseMoveDis: 78341.91046146698
  KeyClickSpeed: 0.003899902502437439
  EventRuleData: ""
  BehaviorRuleData: ""
