UseTimeMS: 811957
MouseClickCnt: 292
MouseMoveCnt: 585
MouseWheelCnt: 11
KeyClickCnt: 15
ShortcutCnt: 0
MouseMoveDis: 78341.91046146698
KeyClickSpeed: 0.003899902502437439
EventRuleData: ""
BehaviorRuleData: ""
